# Stored genus-2 ribbon graph data with two faces
# How to read this file:
# - Topology N is the N-th ribbon graph returned by generate_ribbon_graphs_fixed_genus(2, n_faces=2).
# - Each topology here has genus 2 and exactly 2 faces.
# - edges = ((edge_label, vertex_a, vertex_b), ...).
# - face_boundaries = (face_1, face_2) where each face is listed counterclockwise
#   as ((from_vertex, to_vertex, edge_label), ...).
# - face_edge_sequences and face_vertex_sequences list the edge labels and starting
#   vertices around each face, respectively.
# - gluing_pairs = ((edge_label, face1, pos1, face2, pos2), ...) means the half-edge
#   at position pos1 of face1 is glued to the half-edge at position pos2 of face2
#   with opposite orientation to form edge edge_label.
# - All labels and face/position indices are 1-based integers.
topology_count = 48

Topology 1
edges                = ((1, 1, 2), (2, 1, 7), (3, 1, 8), (4, 2, 4), (5, 2, 8), (6, 3, 5), (7, 3, 6), (8, 4, 7), (9, 5, 4), (10, 5, 6), (11, 7, 6), (12, 8, 3))
n_faces              = 2
face_boundaries      = (((1, 2, 1), (2, 4, 4), (4, 7, 8), (7, 6, 11), (6, 3, 7), (3, 8, 12), (8, 2, 5), (2, 1, 1), (1, 7, 2), (7, 4, 8), (4, 5, 9), (5, 6, 10), (6, 7, 11), (7, 1, 2), (1, 8, 3), (8, 3, 12), (3, 5, 6), (5, 4, 9), (4, 2, 4), (2, 8, 5), (8, 1, 3)), ((5, 3, 6), (3, 6, 7), (6, 5, 10)))
face_edge_sequences  = ((1, 4, 8, 11, 7, 12, 5, 1, 2, 8, 9, 10, 11, 2, 3, 12, 6, 9, 4, 5, 3), (6, 7, 10))
face_vertex_sequences= ((1, 2, 4, 7, 6, 3, 8, 2, 1, 7, 4, 5, 6, 7, 1, 8, 3, 5, 4, 2, 8), (5, 3, 6))
gluing_pairs         = ((1, 1, 1, 1, 8), (2, 1, 9, 1, 14), (3, 1, 15, 1, 21), (4, 1, 2, 1, 19), (5, 1, 7, 1, 20), (6, 1, 17, 2, 1), (7, 1, 5, 2, 2), (8, 1, 3, 1, 10), (9, 1, 11, 1, 18), (10, 1, 12, 2, 3), (11, 1, 4, 1, 13), (12, 1, 6, 1, 16))

Topology 2
edges                = ((1, 1, 2), (2, 1, 7), (3, 1, 8), (4, 2, 4), (5, 2, 8), (6, 3, 5), (7, 3, 6), (8, 4, 7), (9, 5, 4), (10, 5, 6), (11, 7, 6), (12, 8, 3))
n_faces              = 2
face_boundaries      = (((1, 2, 1), (2, 4, 4), (4, 7, 8), (7, 6, 11), (6, 5, 10), (5, 3, 6), (3, 6, 7), (6, 7, 11), (7, 1, 2), (1, 8, 3), (8, 2, 5), (2, 1, 1), (1, 7, 2), (7, 4, 8), (4, 5, 9), (5, 6, 10), (6, 3, 7), (3, 8, 12), (8, 1, 3)), ((4, 2, 4), (2, 8, 5), (8, 3, 12), (3, 5, 6), (5, 4, 9)))
face_edge_sequences  = ((1, 4, 8, 11, 10, 6, 7, 11, 2, 3, 5, 1, 2, 8, 9, 10, 7, 12, 3), (4, 5, 12, 6, 9))
face_vertex_sequences= ((1, 2, 4, 7, 6, 5, 3, 6, 7, 1, 8, 2, 1, 7, 4, 5, 6, 3, 8), (4, 2, 8, 3, 5))
gluing_pairs         = ((1, 1, 1, 1, 12), (2, 1, 9, 1, 13), (3, 1, 10, 1, 19), (4, 1, 2, 2, 1), (5, 1, 11, 2, 2), (6, 1, 6, 2, 4), (7, 1, 7, 1, 17), (8, 1, 3, 1, 14), (9, 1, 15, 2, 5), (10, 1, 5, 1, 16), (11, 1, 4, 1, 8), (12, 1, 18, 2, 3))

Topology 3
edges                = ((1, 1, 2), (2, 1, 7), (3, 1, 8), (4, 2, 4), (5, 2, 8), (6, 3, 5), (7, 3, 6), (8, 4, 7), (9, 5, 4), (10, 5, 6), (11, 7, 6), (12, 8, 3))
n_faces              = 2
face_boundaries      = (((1, 2, 1), (2, 4, 4), (4, 7, 8), (7, 6, 11), (6, 5, 10), (5, 3, 6), (3, 6, 7), (6, 7, 11), (7, 1, 2), (1, 8, 3), (8, 3, 12), (3, 5, 6), (5, 4, 9), (4, 2, 4), (2, 8, 5), (8, 1, 3)), ((2, 1, 1), (1, 7, 2), (7, 4, 8), (4, 5, 9), (5, 6, 10), (6, 3, 7), (3, 8, 12), (8, 2, 5)))
face_edge_sequences  = ((1, 4, 8, 11, 10, 6, 7, 11, 2, 3, 12, 6, 9, 4, 5, 3), (1, 2, 8, 9, 10, 7, 12, 5))
face_vertex_sequences= ((1, 2, 4, 7, 6, 5, 3, 6, 7, 1, 8, 3, 5, 4, 2, 8), (2, 1, 7, 4, 5, 6, 3, 8))
gluing_pairs         = ((1, 1, 1, 2, 1), (2, 1, 9, 2, 2), (3, 1, 10, 1, 16), (4, 1, 2, 1, 14), (5, 1, 15, 2, 8), (6, 1, 6, 1, 12), (7, 1, 7, 2, 6), (8, 1, 3, 2, 3), (9, 1, 13, 2, 4), (10, 1, 5, 2, 5), (11, 1, 4, 1, 8), (12, 1, 11, 2, 7))

Topology 4
edges                = ((1, 1, 2), (2, 1, 7), (3, 1, 8), (4, 2, 4), (5, 2, 8), (6, 3, 5), (7, 3, 6), (8, 4, 7), (9, 5, 4), (10, 5, 6), (11, 7, 6), (12, 8, 3))
n_faces              = 2
face_boundaries      = (((1, 2, 1), (2, 4, 4), (4, 7, 8), (7, 1, 2), (1, 8, 3), (8, 2, 5), (2, 1, 1), (1, 7, 2), (7, 6, 11), (6, 5, 10), (5, 3, 6), (3, 6, 7), (6, 7, 11), (7, 4, 8), (4, 5, 9), (5, 6, 10), (6, 3, 7), (3, 8, 12), (8, 1, 3)), ((4, 2, 4), (2, 8, 5), (8, 3, 12), (3, 5, 6), (5, 4, 9)))
face_edge_sequences  = ((1, 4, 8, 2, 3, 5, 1, 2, 11, 10, 6, 7, 11, 8, 9, 10, 7, 12, 3), (4, 5, 12, 6, 9))
face_vertex_sequences= ((1, 2, 4, 7, 1, 8, 2, 1, 7, 6, 5, 3, 6, 7, 4, 5, 6, 3, 8), (4, 2, 8, 3, 5))
gluing_pairs         = ((1, 1, 1, 1, 7), (2, 1, 4, 1, 8), (3, 1, 5, 1, 19), (4, 1, 2, 2, 1), (5, 1, 6, 2, 2), (6, 1, 11, 2, 4), (7, 1, 12, 1, 17), (8, 1, 3, 1, 14), (9, 1, 15, 2, 5), (10, 1, 10, 1, 16), (11, 1, 9, 1, 13), (12, 1, 18, 2, 3))

Topology 5
edges                = ((1, 1, 2), (2, 1, 7), (3, 1, 8), (4, 2, 4), (5, 2, 8), (6, 3, 5), (7, 3, 6), (8, 4, 7), (9, 5, 4), (10, 5, 6), (11, 7, 6), (12, 8, 3))
n_faces              = 2
face_boundaries      = (((1, 2, 1), (2, 4, 4), (4, 7, 8), (7, 1, 2), (1, 8, 3), (8, 3, 12), (3, 5, 6), (5, 4, 9), (4, 2, 4), (2, 8, 5), (8, 1, 3)), ((2, 1, 1), (1, 7, 2), (7, 6, 11), (6, 5, 10), (5, 3, 6), (3, 6, 7), (6, 7, 11), (7, 4, 8), (4, 5, 9), (5, 6, 10), (6, 3, 7), (3, 8, 12), (8, 2, 5)))
face_edge_sequences  = ((1, 4, 8, 2, 3, 12, 6, 9, 4, 5, 3), (1, 2, 11, 10, 6, 7, 11, 8, 9, 10, 7, 12, 5))
face_vertex_sequences= ((1, 2, 4, 7, 1, 8, 3, 5, 4, 2, 8), (2, 1, 7, 6, 5, 3, 6, 7, 4, 5, 6, 3, 8))
gluing_pairs         = ((1, 1, 1, 2, 1), (2, 1, 4, 2, 2), (3, 1, 5, 1, 11), (4, 1, 2, 1, 9), (5, 1, 10, 2, 13), (6, 1, 7, 2, 5), (7, 2, 6, 2, 11), (8, 1, 3, 2, 8), (9, 1, 8, 2, 9), (10, 2, 4, 2, 10), (11, 2, 3, 2, 7), (12, 1, 6, 2, 12))

Topology 6
edges                = ((1, 1, 2), (2, 1, 7), (3, 1, 8), (4, 2, 4), (5, 2, 8), (6, 3, 5), (7, 3, 6), (8, 4, 7), (9, 5, 4), (10, 5, 6), (11, 7, 6), (12, 8, 3))
n_faces              = 2
face_boundaries      = (((1, 2, 1), (2, 4, 4), (4, 7, 8), (7, 6, 11), (6, 3, 7), (3, 8, 12), (8, 1, 3)), ((2, 1, 1), (1, 7, 2), (7, 4, 8), (4, 5, 9), (5, 3, 6), (3, 6, 7), (6, 5, 10), (5, 4, 9), (4, 2, 4), (2, 8, 5), (8, 3, 12), (3, 5, 6), (5, 6, 10), (6, 7, 11), (7, 1, 2), (1, 8, 3), (8, 2, 5)))
face_edge_sequences  = ((1, 4, 8, 11, 7, 12, 3), (1, 2, 8, 9, 6, 7, 10, 9, 4, 5, 12, 6, 10, 11, 2, 3, 5))
face_vertex_sequences= ((1, 2, 4, 7, 6, 3, 8), (2, 1, 7, 4, 5, 3, 6, 5, 4, 2, 8, 3, 5, 6, 7, 1, 8))
gluing_pairs         = ((1, 1, 1, 2, 1), (2, 2, 2, 2, 15), (3, 1, 7, 2, 16), (4, 1, 2, 2, 9), (5, 2, 10, 2, 17), (6, 2, 5, 2, 12), (7, 1, 5, 2, 6), (8, 1, 3, 2, 3), (9, 2, 4, 2, 8), (10, 2, 7, 2, 13), (11, 1, 4, 2, 14), (12, 1, 6, 2, 11))

Topology 7
edges                = ((1, 1, 2), (2, 1, 7), (3, 1, 8), (4, 2, 4), (5, 2, 8), (6, 3, 5), (7, 3, 6), (8, 4, 7), (9, 5, 4), (10, 5, 6), (11, 7, 6), (12, 8, 3))
n_faces              = 2
face_boundaries      = (((1, 2, 1), (2, 4, 4), (4, 7, 8), (7, 6, 11), (6, 3, 7), (3, 8, 12), (8, 2, 5), (2, 1, 1), (1, 7, 2), (7, 4, 8), (4, 5, 9), (5, 3, 6), (3, 6, 7), (6, 5, 10), (5, 4, 9), (4, 2, 4), (2, 8, 5), (8, 1, 3)), ((7, 1, 2), (1, 8, 3), (8, 3, 12), (3, 5, 6), (5, 6, 10), (6, 7, 11)))
face_edge_sequences  = ((1, 4, 8, 11, 7, 12, 5, 1, 2, 8, 9, 6, 7, 10, 9, 4, 5, 3), (2, 3, 12, 6, 10, 11))
face_vertex_sequences= ((1, 2, 4, 7, 6, 3, 8, 2, 1, 7, 4, 5, 3, 6, 5, 4, 2, 8), (7, 1, 8, 3, 5, 6))
gluing_pairs         = ((1, 1, 1, 1, 8), (2, 1, 9, 2, 1), (3, 1, 18, 2, 2), (4, 1, 2, 1, 16), (5, 1, 7, 1, 17), (6, 1, 12, 2, 4), (7, 1, 5, 1, 13), (8, 1, 3, 1, 10), (9, 1, 11, 1, 15), (10, 1, 14, 2, 5), (11, 1, 4, 2, 6), (12, 1, 6, 2, 3))

Topology 8
edges                = ((1, 1, 2), (2, 1, 7), (3, 1, 8), (4, 2, 4), (5, 2, 8), (6, 3, 5), (7, 3, 6), (8, 4, 7), (9, 5, 4), (10, 5, 6), (11, 7, 6), (12, 8, 3))
n_faces              = 2
face_boundaries      = (((1, 2, 1), (2, 4, 4), (4, 7, 8), (7, 1, 2), (1, 8, 3), (8, 2, 5), (2, 1, 1), (1, 7, 2), (7, 6, 11), (6, 3, 7), (3, 8, 12), (8, 1, 3)), ((4, 2, 4), (2, 8, 5), (8, 3, 12), (3, 5, 6), (5, 6, 10), (6, 7, 11), (7, 4, 8), (4, 5, 9), (5, 3, 6), (3, 6, 7), (6, 5, 10), (5, 4, 9)))
face_edge_sequences  = ((1, 4, 8, 2, 3, 5, 1, 2, 11, 7, 12, 3), (4, 5, 12, 6, 10, 11, 8, 9, 6, 7, 10, 9))
face_vertex_sequences= ((1, 2, 4, 7, 1, 8, 2, 1, 7, 6, 3, 8), (4, 2, 8, 3, 5, 6, 7, 4, 5, 3, 6, 5))
gluing_pairs         = ((1, 1, 1, 1, 7), (2, 1, 4, 1, 8), (3, 1, 5, 1, 12), (4, 1, 2, 2, 1), (5, 1, 6, 2, 2), (6, 2, 4, 2, 9), (7, 1, 10, 2, 10), (8, 1, 3, 2, 7), (9, 2, 8, 2, 12), (10, 2, 5, 2, 11), (11, 1, 9, 2, 6), (12, 1, 11, 2, 3))

Topology 9
edges                = ((1, 1, 2), (2, 1, 7), (3, 1, 8), (4, 2, 4), (5, 2, 8), (6, 3, 5), (7, 3, 6), (8, 4, 7), (9, 5, 4), (10, 5, 6), (11, 7, 6), (12, 8, 3))
n_faces              = 2
face_boundaries      = (((1, 2, 1), (2, 4, 4), (4, 7, 8), (7, 1, 2), (1, 8, 3), (8, 3, 12), (3, 5, 6), (5, 6, 10), (6, 7, 11), (7, 4, 8), (4, 5, 9), (5, 3, 6), (3, 6, 7), (6, 5, 10), (5, 4, 9), (4, 2, 4), (2, 8, 5), (8, 1, 3)), ((2, 1, 1), (1, 7, 2), (7, 6, 11), (6, 3, 7), (3, 8, 12), (8, 2, 5)))
face_edge_sequences  = ((1, 4, 8, 2, 3, 12, 6, 10, 11, 8, 9, 6, 7, 10, 9, 4, 5, 3), (1, 2, 11, 7, 12, 5))
face_vertex_sequences= ((1, 2, 4, 7, 1, 8, 3, 5, 6, 7, 4, 5, 3, 6, 5, 4, 2, 8), (2, 1, 7, 6, 3, 8))
gluing_pairs         = ((1, 1, 1, 2, 1), (2, 1, 4, 2, 2), (3, 1, 5, 1, 18), (4, 1, 2, 1, 16), (5, 1, 17, 2, 6), (6, 1, 7, 1, 12), (7, 1, 13, 2, 4), (8, 1, 3, 1, 10), (9, 1, 11, 1, 15), (10, 1, 8, 1, 14), (11, 1, 9, 2, 3), (12, 1, 6, 2, 5))

Topology 10
edges                = ((1, 1, 2), (2, 1, 7), (3, 1, 8), (4, 2, 4), (5, 2, 8), (6, 3, 5), (7, 3, 6), (8, 4, 7), (9, 5, 4), (10, 5, 6), (11, 7, 6), (12, 8, 3))
n_faces              = 2
face_boundaries      = (((1, 2, 1), (2, 4, 4), (4, 7, 8), (7, 6, 11), (6, 5, 10), (5, 4, 9), (4, 2, 4), (2, 8, 5), (8, 3, 12), (3, 5, 6), (5, 6, 10), (6, 3, 7), (3, 8, 12), (8, 1, 3)), ((2, 1, 1), (1, 7, 2), (7, 4, 8), (4, 5, 9), (5, 3, 6), (3, 6, 7), (6, 7, 11), (7, 1, 2), (1, 8, 3), (8, 2, 5)))
face_edge_sequences  = ((1, 4, 8, 11, 10, 9, 4, 5, 12, 6, 10, 7, 12, 3), (1, 2, 8, 9, 6, 7, 11, 2, 3, 5))
face_vertex_sequences= ((1, 2, 4, 7, 6, 5, 4, 2, 8, 3, 5, 6, 3, 8), (2, 1, 7, 4, 5, 3, 6, 7, 1, 8))
gluing_pairs         = ((1, 1, 1, 2, 1), (2, 2, 2, 2, 8), (3, 1, 14, 2, 9), (4, 1, 2, 1, 7), (5, 1, 8, 2, 10), (6, 1, 10, 2, 5), (7, 1, 12, 2, 6), (8, 1, 3, 2, 3), (9, 1, 6, 2, 4), (10, 1, 5, 1, 11), (11, 1, 4, 2, 7), (12, 1, 9, 1, 13))

Topology 11
edges                = ((1, 1, 2), (2, 1, 7), (3, 1, 8), (4, 2, 4), (5, 2, 8), (6, 3, 5), (7, 3, 6), (8, 4, 7), (9, 5, 4), (10, 5, 6), (11, 7, 6), (12, 8, 3))
n_faces              = 2
face_boundaries      = (((1, 2, 1), (2, 4, 4), (4, 7, 8), (7, 6, 11), (6, 5, 10), (5, 4, 9), (4, 2, 4), (2, 8, 5), (8, 1, 3)), ((2, 1, 1), (1, 7, 2), (7, 4, 8), (4, 5, 9), (5, 3, 6), (3, 6, 7), (6, 7, 11), (7, 1, 2), (1, 8, 3), (8, 3, 12), (3, 5, 6), (5, 6, 10), (6, 3, 7), (3, 8, 12), (8, 2, 5)))
face_edge_sequences  = ((1, 4, 8, 11, 10, 9, 4, 5, 3), (1, 2, 8, 9, 6, 7, 11, 2, 3, 12, 6, 10, 7, 12, 5))
face_vertex_sequences= ((1, 2, 4, 7, 6, 5, 4, 2, 8), (2, 1, 7, 4, 5, 3, 6, 7, 1, 8, 3, 5, 6, 3, 8))
gluing_pairs         = ((1, 1, 1, 2, 1), (2, 2, 2, 2, 8), (3, 1, 9, 2, 9), (4, 1, 2, 1, 7), (5, 1, 8, 2, 15), (6, 2, 5, 2, 11), (7, 2, 6, 2, 13), (8, 1, 3, 2, 3), (9, 1, 6, 2, 4), (10, 1, 5, 2, 12), (11, 1, 4, 2, 7), (12, 2, 10, 2, 14))

Topology 12
edges                = ((1, 1, 2), (2, 1, 7), (3, 1, 8), (4, 2, 4), (5, 2, 8), (6, 3, 5), (7, 3, 6), (8, 4, 7), (9, 5, 4), (10, 5, 6), (11, 7, 6), (12, 8, 3))
n_faces              = 2
face_boundaries      = (((1, 2, 1), (2, 4, 4), (4, 7, 8), (7, 1, 2), (1, 8, 3), (8, 2, 5), (2, 1, 1), (1, 7, 2), (7, 6, 11), (6, 5, 10), (5, 4, 9), (4, 2, 4), (2, 8, 5), (8, 3, 12), (3, 5, 6), (5, 6, 10), (6, 3, 7), (3, 8, 12), (8, 1, 3)), ((5, 3, 6), (3, 6, 7), (6, 7, 11), (7, 4, 8), (4, 5, 9)))
face_edge_sequences  = ((1, 4, 8, 2, 3, 5, 1, 2, 11, 10, 9, 4, 5, 12, 6, 10, 7, 12, 3), (6, 7, 11, 8, 9))
face_vertex_sequences= ((1, 2, 4, 7, 1, 8, 2, 1, 7, 6, 5, 4, 2, 8, 3, 5, 6, 3, 8), (5, 3, 6, 7, 4))
gluing_pairs         = ((1, 1, 1, 1, 7), (2, 1, 4, 1, 8), (3, 1, 5, 1, 19), (4, 1, 2, 1, 12), (5, 1, 6, 1, 13), (6, 1, 15, 2, 1), (7, 1, 17, 2, 2), (8, 1, 3, 2, 4), (9, 1, 11, 2, 5), (10, 1, 10, 1, 16), (11, 1, 9, 2, 3), (12, 1, 14, 1, 18))

Topology 13
edges                = ((1, 1, 2), (2, 1, 7), (3, 1, 8), (4, 2, 4), (5, 2, 8), (6, 3, 5), (7, 3, 6), (8, 4, 7), (9, 5, 4), (10, 5, 6), (11, 7, 6), (12, 8, 3))
n_faces              = 2
face_boundaries      = (((1, 2, 1), (2, 4, 4), (4, 7, 8), (7, 1, 2), (1, 8, 3), (8, 3, 12), (3, 5, 6), (5, 6, 10), (6, 3, 7), (3, 8, 12), (8, 2, 5), (2, 1, 1), (1, 7, 2), (7, 6, 11), (6, 5, 10), (5, 4, 9), (4, 2, 4), (2, 8, 5), (8, 1, 3)), ((5, 3, 6), (3, 6, 7), (6, 7, 11), (7, 4, 8), (4, 5, 9)))
face_edge_sequences  = ((1, 4, 8, 2, 3, 12, 6, 10, 7, 12, 5, 1, 2, 11, 10, 9, 4, 5, 3), (6, 7, 11, 8, 9))
face_vertex_sequences= ((1, 2, 4, 7, 1, 8, 3, 5, 6, 3, 8, 2, 1, 7, 6, 5, 4, 2, 8), (5, 3, 6, 7, 4))
gluing_pairs         = ((1, 1, 1, 1, 12), (2, 1, 4, 1, 13), (3, 1, 5, 1, 19), (4, 1, 2, 1, 17), (5, 1, 11, 1, 18), (6, 1, 7, 2, 1), (7, 1, 9, 2, 2), (8, 1, 3, 2, 4), (9, 1, 16, 2, 5), (10, 1, 8, 1, 15), (11, 1, 14, 2, 3), (12, 1, 6, 1, 10))

Topology 14
edges                = ((1, 1, 2), (2, 1, 7), (3, 1, 8), (4, 2, 4), (5, 2, 8), (6, 3, 5), (7, 3, 6), (8, 4, 7), (9, 5, 4), (10, 5, 6), (11, 7, 6), (12, 8, 3))
n_faces              = 2
face_boundaries      = (((1, 2, 1), (2, 4, 4), (4, 5, 9), (5, 6, 10), (6, 7, 11), (7, 1, 2), (1, 8, 3), (8, 2, 5), (2, 1, 1), (1, 7, 2), (7, 4, 8), (4, 2, 4), (2, 8, 5), (8, 3, 12), (3, 5, 6), (5, 4, 9), (4, 7, 8), (7, 6, 11), (6, 3, 7), (3, 8, 12), (8, 1, 3)), ((5, 3, 6), (3, 6, 7), (6, 5, 10)))
face_edge_sequences  = ((1, 4, 9, 10, 11, 2, 3, 5, 1, 2, 8, 4, 5, 12, 6, 9, 8, 11, 7, 12, 3), (6, 7, 10))
face_vertex_sequences= ((1, 2, 4, 5, 6, 7, 1, 8, 2, 1, 7, 4, 2, 8, 3, 5, 4, 7, 6, 3, 8), (5, 3, 6))
gluing_pairs         = ((1, 1, 1, 1, 9), (2, 1, 6, 1, 10), (3, 1, 7, 1, 21), (4, 1, 2, 1, 12), (5, 1, 8, 1, 13), (6, 1, 15, 2, 1), (7, 1, 19, 2, 2), (8, 1, 11, 1, 17), (9, 1, 3, 1, 16), (10, 1, 4, 2, 3), (11, 1, 5, 1, 18), (12, 1, 14, 1, 20))

Topology 15
edges                = ((1, 1, 2), (2, 1, 7), (3, 1, 8), (4, 2, 4), (5, 2, 8), (6, 3, 5), (7, 3, 6), (8, 4, 7), (9, 5, 4), (10, 5, 6), (11, 7, 6), (12, 8, 3))
n_faces              = 2
face_boundaries      = (((1, 2, 1), (2, 4, 4), (4, 5, 9), (5, 6, 10), (6, 7, 11), (7, 1, 2), (1, 8, 3), (8, 3, 12), (3, 5, 6), (5, 4, 9), (4, 7, 8), (7, 6, 11), (6, 3, 7), (3, 8, 12), (8, 2, 5), (2, 1, 1), (1, 7, 2), (7, 4, 8), (4, 2, 4), (2, 8, 5), (8, 1, 3)), ((5, 3, 6), (3, 6, 7), (6, 5, 10)))
face_edge_sequences  = ((1, 4, 9, 10, 11, 2, 3, 12, 6, 9, 8, 11, 7, 12, 5, 1, 2, 8, 4, 5, 3), (6, 7, 10))
face_vertex_sequences= ((1, 2, 4, 5, 6, 7, 1, 8, 3, 5, 4, 7, 6, 3, 8, 2, 1, 7, 4, 2, 8), (5, 3, 6))
gluing_pairs         = ((1, 1, 1, 1, 16), (2, 1, 6, 1, 17), (3, 1, 7, 1, 21), (4, 1, 2, 1, 19), (5, 1, 15, 1, 20), (6, 1, 9, 2, 1), (7, 1, 13, 2, 2), (8, 1, 11, 1, 18), (9, 1, 3, 1, 10), (10, 1, 4, 2, 3), (11, 1, 5, 1, 12), (12, 1, 8, 1, 14))

Topology 16
edges                = ((1, 1, 2), (2, 1, 7), (3, 1, 8), (4, 2, 4), (5, 2, 8), (6, 3, 5), (7, 3, 6), (8, 4, 7), (9, 5, 4), (10, 5, 6), (11, 7, 6), (12, 8, 3))
n_faces              = 2
face_boundaries      = (((1, 2, 1), (2, 4, 4), (4, 5, 9), (5, 6, 10), (6, 7, 11), (7, 4, 8), (4, 2, 4), (2, 8, 5), (8, 3, 12), (3, 5, 6), (5, 4, 9), (4, 7, 8), (7, 1, 2), (1, 8, 3), (8, 2, 5), (2, 1, 1), (1, 7, 2), (7, 6, 11), (6, 3, 7), (3, 8, 12), (8, 1, 3)), ((5, 3, 6), (3, 6, 7), (6, 5, 10)))
face_edge_sequences  = ((1, 4, 9, 10, 11, 8, 4, 5, 12, 6, 9, 8, 2, 3, 5, 1, 2, 11, 7, 12, 3), (6, 7, 10))
face_vertex_sequences= ((1, 2, 4, 5, 6, 7, 4, 2, 8, 3, 5, 4, 7, 1, 8, 2, 1, 7, 6, 3, 8), (5, 3, 6))
gluing_pairs         = ((1, 1, 1, 1, 16), (2, 1, 13, 1, 17), (3, 1, 14, 1, 21), (4, 1, 2, 1, 7), (5, 1, 8, 1, 15), (6, 1, 10, 2, 1), (7, 1, 19, 2, 2), (8, 1, 6, 1, 12), (9, 1, 3, 1, 11), (10, 1, 4, 2, 3), (11, 1, 5, 1, 18), (12, 1, 9, 1, 20))

Topology 17
edges                = ((1, 1, 2), (2, 1, 7), (3, 1, 8), (4, 2, 4), (5, 2, 8), (6, 3, 5), (7, 3, 6), (8, 4, 7), (9, 5, 4), (10, 5, 6), (11, 7, 6), (12, 8, 3))
n_faces              = 2
face_boundaries      = (((1, 2, 1), (2, 4, 4), (4, 5, 9), (5, 6, 10), (6, 3, 7), (3, 8, 12), (8, 1, 3)), ((2, 1, 1), (1, 7, 2), (7, 4, 8), (4, 2, 4), (2, 8, 5), (8, 3, 12), (3, 5, 6), (5, 4, 9), (4, 7, 8), (7, 6, 11), (6, 5, 10), (5, 3, 6), (3, 6, 7), (6, 7, 11), (7, 1, 2), (1, 8, 3), (8, 2, 5)))
face_edge_sequences  = ((1, 4, 9, 10, 7, 12, 3), (1, 2, 8, 4, 5, 12, 6, 9, 8, 11, 10, 6, 7, 11, 2, 3, 5))
face_vertex_sequences= ((1, 2, 4, 5, 6, 3, 8), (2, 1, 7, 4, 2, 8, 3, 5, 4, 7, 6, 5, 3, 6, 7, 1, 8))
gluing_pairs         = ((1, 1, 1, 2, 1), (2, 2, 2, 2, 15), (3, 1, 7, 2, 16), (4, 1, 2, 2, 4), (5, 2, 5, 2, 17), (6, 2, 7, 2, 12), (7, 1, 5, 2, 13), (8, 2, 3, 2, 9), (9, 1, 3, 2, 8), (10, 1, 4, 2, 11), (11, 2, 10, 2, 14), (12, 1, 6, 2, 6))

Topology 18
edges                = ((1, 1, 2), (2, 1, 7), (3, 1, 8), (4, 2, 4), (5, 2, 8), (6, 3, 5), (7, 3, 6), (8, 4, 7), (9, 5, 4), (10, 5, 6), (11, 7, 6), (12, 8, 3))
n_faces              = 2
face_boundaries      = (((1, 2, 1), (2, 4, 4), (4, 5, 9), (5, 6, 10), (6, 3, 7), (3, 8, 12), (8, 2, 5), (2, 1, 1), (1, 7, 2), (7, 4, 8), (4, 2, 4), (2, 8, 5), (8, 1, 3)), ((7, 1, 2), (1, 8, 3), (8, 3, 12), (3, 5, 6), (5, 4, 9), (4, 7, 8), (7, 6, 11), (6, 5, 10), (5, 3, 6), (3, 6, 7), (6, 7, 11)))
face_edge_sequences  = ((1, 4, 9, 10, 7, 12, 5, 1, 2, 8, 4, 5, 3), (2, 3, 12, 6, 9, 8, 11, 10, 6, 7, 11))
face_vertex_sequences= ((1, 2, 4, 5, 6, 3, 8, 2, 1, 7, 4, 2, 8), (7, 1, 8, 3, 5, 4, 7, 6, 5, 3, 6))
gluing_pairs         = ((1, 1, 1, 1, 8), (2, 1, 9, 2, 1), (3, 1, 13, 2, 2), (4, 1, 2, 1, 11), (5, 1, 7, 1, 12), (6, 2, 4, 2, 9), (7, 1, 5, 2, 10), (8, 1, 10, 2, 6), (9, 1, 3, 2, 5), (10, 1, 4, 2, 8), (11, 2, 7, 2, 11), (12, 1, 6, 2, 3))

Topology 19
edges                = ((1, 1, 2), (2, 1, 7), (3, 1, 8), (4, 2, 4), (5, 2, 8), (6, 3, 5), (7, 3, 6), (8, 4, 7), (9, 5, 4), (10, 5, 6), (11, 7, 6), (12, 8, 3))
n_faces              = 2
face_boundaries      = (((1, 2, 1), (2, 4, 4), (4, 5, 9), (5, 6, 10), (6, 3, 7), (3, 8, 12), (8, 1, 3)), ((2, 1, 1), (1, 7, 2), (7, 6, 11), (6, 5, 10), (5, 3, 6), (3, 6, 7), (6, 7, 11), (7, 4, 8), (4, 2, 4), (2, 8, 5), (8, 3, 12), (3, 5, 6), (5, 4, 9), (4, 7, 8), (7, 1, 2), (1, 8, 3), (8, 2, 5)))
face_edge_sequences  = ((1, 4, 9, 10, 7, 12, 3), (1, 2, 11, 10, 6, 7, 11, 8, 4, 5, 12, 6, 9, 8, 2, 3, 5))
face_vertex_sequences= ((1, 2, 4, 5, 6, 3, 8), (2, 1, 7, 6, 5, 3, 6, 7, 4, 2, 8, 3, 5, 4, 7, 1, 8))
gluing_pairs         = ((1, 1, 1, 2, 1), (2, 2, 2, 2, 15), (3, 1, 7, 2, 16), (4, 1, 2, 2, 9), (5, 2, 10, 2, 17), (6, 2, 5, 2, 12), (7, 1, 5, 2, 6), (8, 2, 8, 2, 14), (9, 1, 3, 2, 13), (10, 1, 4, 2, 4), (11, 2, 3, 2, 7), (12, 1, 6, 2, 11))

Topology 20
edges                = ((1, 1, 2), (2, 1, 7), (3, 1, 8), (4, 2, 4), (5, 2, 8), (6, 3, 5), (7, 3, 6), (8, 4, 7), (9, 5, 4), (10, 5, 6), (11, 7, 6), (12, 8, 3))
n_faces              = 2
face_boundaries      = (((1, 2, 1), (2, 4, 4), (4, 5, 9), (5, 6, 10), (6, 3, 7), (3, 8, 12), (8, 2, 5), (2, 1, 1), (1, 7, 2), (7, 6, 11), (6, 5, 10), (5, 3, 6), (3, 6, 7), (6, 7, 11), (7, 4, 8), (4, 2, 4), (2, 8, 5), (8, 1, 3)), ((7, 1, 2), (1, 8, 3), (8, 3, 12), (3, 5, 6), (5, 4, 9), (4, 7, 8)))
face_edge_sequences  = ((1, 4, 9, 10, 7, 12, 5, 1, 2, 11, 10, 6, 7, 11, 8, 4, 5, 3), (2, 3, 12, 6, 9, 8))
face_vertex_sequences= ((1, 2, 4, 5, 6, 3, 8, 2, 1, 7, 6, 5, 3, 6, 7, 4, 2, 8), (7, 1, 8, 3, 5, 4))
gluing_pairs         = ((1, 1, 1, 1, 8), (2, 1, 9, 2, 1), (3, 1, 18, 2, 2), (4, 1, 2, 1, 16), (5, 1, 7, 1, 17), (6, 1, 12, 2, 4), (7, 1, 5, 1, 13), (8, 1, 15, 2, 6), (9, 1, 3, 2, 5), (10, 1, 4, 1, 11), (11, 1, 10, 1, 14), (12, 1, 6, 2, 3))

Topology 21
edges                = ((1, 1, 2), (2, 1, 7), (3, 1, 8), (4, 2, 4), (5, 2, 8), (6, 3, 5), (7, 3, 6), (8, 4, 7), (9, 5, 4), (10, 5, 6), (11, 7, 6), (12, 8, 3))
n_faces              = 2
face_boundaries      = (((1, 2, 1), (2, 4, 4), (4, 5, 9), (5, 3, 6), (3, 6, 7), (6, 5, 10), (5, 4, 9), (4, 7, 8), (7, 6, 11), (6, 3, 7), (3, 8, 12), (8, 1, 3)), ((2, 1, 1), (1, 7, 2), (7, 4, 8), (4, 2, 4), (2, 8, 5), (8, 3, 12), (3, 5, 6), (5, 6, 10), (6, 7, 11), (7, 1, 2), (1, 8, 3), (8, 2, 5)))
face_edge_sequences  = ((1, 4, 9, 6, 7, 10, 9, 8, 11, 7, 12, 3), (1, 2, 8, 4, 5, 12, 6, 10, 11, 2, 3, 5))
face_vertex_sequences= ((1, 2, 4, 5, 3, 6, 5, 4, 7, 6, 3, 8), (2, 1, 7, 4, 2, 8, 3, 5, 6, 7, 1, 8))
gluing_pairs         = ((1, 1, 1, 2, 1), (2, 2, 2, 2, 10), (3, 1, 12, 2, 11), (4, 1, 2, 2, 4), (5, 2, 5, 2, 12), (6, 1, 4, 2, 7), (7, 1, 5, 1, 10), (8, 1, 8, 2, 3), (9, 1, 3, 1, 7), (10, 1, 6, 2, 8), (11, 1, 9, 2, 9), (12, 1, 11, 2, 6))

Topology 22
edges                = ((1, 1, 2), (2, 1, 7), (3, 1, 8), (4, 2, 4), (5, 2, 8), (6, 3, 5), (7, 3, 6), (8, 4, 7), (9, 5, 4), (10, 5, 6), (11, 7, 6), (12, 8, 3))
n_faces              = 2
face_boundaries      = (((1, 2, 1), (2, 4, 4), (4, 5, 9), (5, 3, 6), (3, 6, 7), (6, 7, 11), (7, 1, 2), (1, 8, 3), (8, 2, 5), (2, 1, 1), (1, 7, 2), (7, 4, 8), (4, 2, 4), (2, 8, 5), (8, 3, 12), (3, 5, 6), (5, 6, 10), (6, 3, 7), (3, 8, 12), (8, 1, 3)), ((4, 7, 8), (7, 6, 11), (6, 5, 10), (5, 4, 9)))
face_edge_sequences  = ((1, 4, 9, 6, 7, 11, 2, 3, 5, 1, 2, 8, 4, 5, 12, 6, 10, 7, 12, 3), (8, 11, 10, 9))
face_vertex_sequences= ((1, 2, 4, 5, 3, 6, 7, 1, 8, 2, 1, 7, 4, 2, 8, 3, 5, 6, 3, 8), (4, 7, 6, 5))
gluing_pairs         = ((1, 1, 1, 1, 10), (2, 1, 7, 1, 11), (3, 1, 8, 1, 20), (4, 1, 2, 1, 13), (5, 1, 9, 1, 14), (6, 1, 4, 1, 16), (7, 1, 5, 1, 18), (8, 1, 12, 2, 1), (9, 1, 3, 2, 4), (10, 1, 17, 2, 3), (11, 1, 6, 2, 2), (12, 1, 15, 1, 19))

Topology 23
edges                = ((1, 1, 2), (2, 1, 7), (3, 1, 8), (4, 2, 4), (5, 2, 8), (6, 3, 5), (7, 3, 6), (8, 4, 7), (9, 5, 4), (10, 5, 6), (11, 7, 6), (12, 8, 3))
n_faces              = 2
face_boundaries      = (((1, 2, 1), (2, 4, 4), (4, 5, 9), (5, 3, 6), (3, 6, 7), (6, 7, 11), (7, 1, 2), (1, 8, 3), (8, 3, 12), (3, 5, 6), (5, 6, 10), (6, 3, 7), (3, 8, 12), (8, 2, 5), (2, 1, 1), (1, 7, 2), (7, 4, 8), (4, 2, 4), (2, 8, 5), (8, 1, 3)), ((4, 7, 8), (7, 6, 11), (6, 5, 10), (5, 4, 9)))
face_edge_sequences  = ((1, 4, 9, 6, 7, 11, 2, 3, 12, 6, 10, 7, 12, 5, 1, 2, 8, 4, 5, 3), (8, 11, 10, 9))
face_vertex_sequences= ((1, 2, 4, 5, 3, 6, 7, 1, 8, 3, 5, 6, 3, 8, 2, 1, 7, 4, 2, 8), (4, 7, 6, 5))
gluing_pairs         = ((1, 1, 1, 1, 15), (2, 1, 7, 1, 16), (3, 1, 8, 1, 20), (4, 1, 2, 1, 18), (5, 1, 14, 1, 19), (6, 1, 4, 1, 10), (7, 1, 5, 1, 12), (8, 1, 17, 2, 1), (9, 1, 3, 2, 4), (10, 1, 11, 2, 3), (11, 1, 6, 2, 2), (12, 1, 9, 1, 13))

Topology 24
edges                = ((1, 1, 2), (2, 1, 7), (3, 1, 8), (4, 2, 4), (5, 2, 8), (6, 3, 5), (7, 3, 6), (8, 4, 7), (9, 5, 4), (10, 5, 6), (11, 7, 6), (12, 8, 3))
n_faces              = 2
face_boundaries      = (((1, 2, 1), (2, 4, 4), (4, 5, 9), (5, 3, 6), (3, 6, 7), (6, 7, 11), (7, 4, 8), (4, 2, 4), (2, 8, 5), (8, 3, 12), (3, 5, 6), (5, 6, 10), (6, 3, 7), (3, 8, 12), (8, 1, 3)), ((2, 1, 1), (1, 7, 2), (7, 6, 11), (6, 5, 10), (5, 4, 9), (4, 7, 8), (7, 1, 2), (1, 8, 3), (8, 2, 5)))
face_edge_sequences  = ((1, 4, 9, 6, 7, 11, 8, 4, 5, 12, 6, 10, 7, 12, 3), (1, 2, 11, 10, 9, 8, 2, 3, 5))
face_vertex_sequences= ((1, 2, 4, 5, 3, 6, 7, 4, 2, 8, 3, 5, 6, 3, 8), (2, 1, 7, 6, 5, 4, 7, 1, 8))
gluing_pairs         = ((1, 1, 1, 2, 1), (2, 2, 2, 2, 7), (3, 1, 15, 2, 8), (4, 1, 2, 1, 8), (5, 1, 9, 2, 9), (6, 1, 4, 1, 11), (7, 1, 5, 1, 13), (8, 1, 7, 2, 6), (9, 1, 3, 2, 5), (10, 1, 12, 2, 4), (11, 1, 6, 2, 3), (12, 1, 10, 1, 14))

Topology 25
edges                = ((1, 1, 2), (2, 1, 7), (3, 1, 8), (4, 2, 4), (5, 2, 8), (6, 3, 5), (7, 3, 6), (8, 4, 7), (9, 5, 4), (10, 5, 6), (11, 7, 6), (12, 8, 3))
n_faces              = 2
face_boundaries      = (((1, 2, 1), (2, 4, 4), (4, 5, 9), (5, 3, 6), (3, 6, 7), (6, 7, 11), (7, 4, 8), (4, 2, 4), (2, 8, 5), (8, 1, 3)), ((2, 1, 1), (1, 7, 2), (7, 6, 11), (6, 5, 10), (5, 4, 9), (4, 7, 8), (7, 1, 2), (1, 8, 3), (8, 3, 12), (3, 5, 6), (5, 6, 10), (6, 3, 7), (3, 8, 12), (8, 2, 5)))
face_edge_sequences  = ((1, 4, 9, 6, 7, 11, 8, 4, 5, 3), (1, 2, 11, 10, 9, 8, 2, 3, 12, 6, 10, 7, 12, 5))
face_vertex_sequences= ((1, 2, 4, 5, 3, 6, 7, 4, 2, 8), (2, 1, 7, 6, 5, 4, 7, 1, 8, 3, 5, 6, 3, 8))
gluing_pairs         = ((1, 1, 1, 2, 1), (2, 2, 2, 2, 7), (3, 1, 10, 2, 8), (4, 1, 2, 1, 8), (5, 1, 9, 2, 14), (6, 1, 4, 2, 10), (7, 1, 5, 2, 12), (8, 1, 7, 2, 6), (9, 1, 3, 2, 5), (10, 2, 4, 2, 11), (11, 1, 6, 2, 3), (12, 2, 9, 2, 13))

Topology 26
edges                = ((1, 1, 2), (2, 1, 7), (3, 1, 8), (4, 2, 4), (5, 2, 8), (6, 3, 5), (7, 3, 6), (8, 4, 7), (9, 5, 4), (10, 5, 6), (11, 7, 6), (12, 8, 3))
n_faces              = 2
face_boundaries      = (((1, 2, 1), (2, 8, 5), (8, 3, 12), (3, 5, 6), (5, 4, 9), (4, 2, 4), (2, 1, 1), (1, 7, 2), (7, 4, 8), (4, 5, 9), (5, 6, 10), (6, 7, 11), (7, 1, 2), (1, 8, 3), (8, 2, 5), (2, 4, 4), (4, 7, 8), (7, 6, 11), (6, 3, 7), (3, 8, 12), (8, 1, 3)), ((5, 3, 6), (3, 6, 7), (6, 5, 10)))
face_edge_sequences  = ((1, 5, 12, 6, 9, 4, 1, 2, 8, 9, 10, 11, 2, 3, 5, 4, 8, 11, 7, 12, 3), (6, 7, 10))
face_vertex_sequences= ((1, 2, 8, 3, 5, 4, 2, 1, 7, 4, 5, 6, 7, 1, 8, 2, 4, 7, 6, 3, 8), (5, 3, 6))
gluing_pairs         = ((1, 1, 1, 1, 7), (2, 1, 8, 1, 13), (3, 1, 14, 1, 21), (4, 1, 6, 1, 16), (5, 1, 2, 1, 15), (6, 1, 4, 2, 1), (7, 1, 19, 2, 2), (8, 1, 9, 1, 17), (9, 1, 5, 1, 10), (10, 1, 11, 2, 3), (11, 1, 12, 1, 18), (12, 1, 3, 1, 20))

Topology 27
edges                = ((1, 1, 2), (2, 1, 7), (3, 1, 8), (4, 2, 4), (5, 2, 8), (6, 3, 5), (7, 3, 6), (8, 4, 7), (9, 5, 4), (10, 5, 6), (11, 7, 6), (12, 8, 3))
n_faces              = 2
face_boundaries      = (((1, 2, 1), (2, 8, 5), (8, 3, 12), (3, 5, 6), (5, 4, 9), (4, 2, 4), (2, 1, 1), (1, 7, 2), (7, 4, 8), (4, 5, 9), (5, 6, 10), (6, 3, 7), (3, 8, 12), (8, 1, 3)), ((7, 1, 2), (1, 8, 3), (8, 2, 5), (2, 4, 4), (4, 7, 8), (7, 6, 11), (6, 5, 10), (5, 3, 6), (3, 6, 7), (6, 7, 11)))
face_edge_sequences  = ((1, 5, 12, 6, 9, 4, 1, 2, 8, 9, 10, 7, 12, 3), (2, 3, 5, 4, 8, 11, 10, 6, 7, 11))
face_vertex_sequences= ((1, 2, 8, 3, 5, 4, 2, 1, 7, 4, 5, 6, 3, 8), (7, 1, 8, 2, 4, 7, 6, 5, 3, 6))
gluing_pairs         = ((1, 1, 1, 1, 7), (2, 1, 8, 2, 1), (3, 1, 14, 2, 2), (4, 1, 6, 2, 4), (5, 1, 2, 2, 3), (6, 1, 4, 2, 8), (7, 1, 12, 2, 9), (8, 1, 9, 2, 5), (9, 1, 5, 1, 10), (10, 1, 11, 2, 7), (11, 2, 6, 2, 10), (12, 1, 3, 1, 13))

Topology 28
edges                = ((1, 1, 2), (2, 1, 7), (3, 1, 8), (4, 2, 4), (5, 2, 8), (6, 3, 5), (7, 3, 6), (8, 4, 7), (9, 5, 4), (10, 5, 6), (11, 7, 6), (12, 8, 3))
n_faces              = 2
face_boundaries      = (((1, 2, 1), (2, 8, 5), (8, 1, 3)), ((2, 1, 1), (1, 7, 2), (7, 4, 8), (4, 5, 9), (5, 6, 10), (6, 3, 7), (3, 8, 12), (8, 2, 5), (2, 4, 4), (4, 7, 8), (7, 6, 11), (6, 5, 10), (5, 3, 6), (3, 6, 7), (6, 7, 11), (7, 1, 2), (1, 8, 3), (8, 3, 12), (3, 5, 6), (5, 4, 9), (4, 2, 4)))
face_edge_sequences  = ((1, 5, 3), (1, 2, 8, 9, 10, 7, 12, 5, 4, 8, 11, 10, 6, 7, 11, 2, 3, 12, 6, 9, 4))
face_vertex_sequences= ((1, 2, 8), (2, 1, 7, 4, 5, 6, 3, 8, 2, 4, 7, 6, 5, 3, 6, 7, 1, 8, 3, 5, 4))
gluing_pairs         = ((1, 1, 1, 2, 1), (2, 2, 2, 2, 16), (3, 1, 3, 2, 17), (4, 2, 9, 2, 21), (5, 1, 2, 2, 8), (6, 2, 13, 2, 19), (7, 2, 6, 2, 14), (8, 2, 3, 2, 10), (9, 2, 4, 2, 20), (10, 2, 5, 2, 12), (11, 2, 11, 2, 15), (12, 2, 7, 2, 18))

Topology 29
edges                = ((1, 1, 2), (2, 1, 7), (3, 1, 8), (4, 2, 4), (5, 2, 8), (6, 3, 5), (7, 3, 6), (8, 4, 7), (9, 5, 4), (10, 5, 6), (11, 7, 6), (12, 8, 3))
n_faces              = 2
face_boundaries      = (((1, 2, 1), (2, 8, 5), (8, 3, 12), (3, 5, 6), (5, 4, 9), (4, 2, 4), (2, 1, 1), (1, 7, 2), (7, 6, 11), (6, 5, 10), (5, 3, 6), (3, 6, 7), (6, 7, 11), (7, 4, 8), (4, 5, 9), (5, 6, 10), (6, 3, 7), (3, 8, 12), (8, 1, 3)), ((7, 1, 2), (1, 8, 3), (8, 2, 5), (2, 4, 4), (4, 7, 8)))
face_edge_sequences  = ((1, 5, 12, 6, 9, 4, 1, 2, 11, 10, 6, 7, 11, 8, 9, 10, 7, 12, 3), (2, 3, 5, 4, 8))
face_vertex_sequences= ((1, 2, 8, 3, 5, 4, 2, 1, 7, 6, 5, 3, 6, 7, 4, 5, 6, 3, 8), (7, 1, 8, 2, 4))
gluing_pairs         = ((1, 1, 1, 1, 7), (2, 1, 8, 2, 1), (3, 1, 19, 2, 2), (4, 1, 6, 2, 4), (5, 1, 2, 2, 3), (6, 1, 4, 1, 11), (7, 1, 12, 1, 17), (8, 1, 14, 2, 5), (9, 1, 5, 1, 15), (10, 1, 10, 1, 16), (11, 1, 9, 1, 13), (12, 1, 3, 1, 18))

Topology 30
edges                = ((1, 1, 2), (2, 1, 7), (3, 1, 8), (4, 2, 4), (5, 2, 8), (6, 3, 5), (7, 3, 6), (8, 4, 7), (9, 5, 4), (10, 5, 6), (11, 7, 6), (12, 8, 3))
n_faces              = 2
face_boundaries      = (((1, 2, 1), (2, 8, 5), (8, 1, 3)), ((2, 1, 1), (1, 7, 2), (7, 6, 11), (6, 5, 10), (5, 3, 6), (3, 6, 7), (6, 7, 11), (7, 4, 8), (4, 5, 9), (5, 6, 10), (6, 3, 7), (3, 8, 12), (8, 2, 5), (2, 4, 4), (4, 7, 8), (7, 1, 2), (1, 8, 3), (8, 3, 12), (3, 5, 6), (5, 4, 9), (4, 2, 4)))
face_edge_sequences  = ((1, 5, 3), (1, 2, 11, 10, 6, 7, 11, 8, 9, 10, 7, 12, 5, 4, 8, 2, 3, 12, 6, 9, 4))
face_vertex_sequences= ((1, 2, 8), (2, 1, 7, 6, 5, 3, 6, 7, 4, 5, 6, 3, 8, 2, 4, 7, 1, 8, 3, 5, 4))
gluing_pairs         = ((1, 1, 1, 2, 1), (2, 2, 2, 2, 16), (3, 1, 3, 2, 17), (4, 2, 14, 2, 21), (5, 1, 2, 2, 13), (6, 2, 5, 2, 19), (7, 2, 6, 2, 11), (8, 2, 8, 2, 15), (9, 2, 9, 2, 20), (10, 2, 4, 2, 10), (11, 2, 3, 2, 7), (12, 2, 12, 2, 18))

Topology 31
edges                = ((1, 1, 2), (2, 1, 7), (3, 1, 8), (4, 2, 4), (5, 2, 8), (6, 3, 5), (7, 3, 6), (8, 4, 7), (9, 5, 4), (10, 5, 6), (11, 7, 6), (12, 8, 3))
n_faces              = 2
face_boundaries      = (((1, 2, 1), (2, 8, 5), (8, 3, 12), (3, 5, 6), (5, 6, 10), (6, 3, 7), (3, 8, 12), (8, 1, 3)), ((2, 1, 1), (1, 7, 2), (7, 4, 8), (4, 5, 9), (5, 3, 6), (3, 6, 7), (6, 7, 11), (7, 1, 2), (1, 8, 3), (8, 2, 5), (2, 4, 4), (4, 7, 8), (7, 6, 11), (6, 5, 10), (5, 4, 9), (4, 2, 4)))
face_edge_sequences  = ((1, 5, 12, 6, 10, 7, 12, 3), (1, 2, 8, 9, 6, 7, 11, 2, 3, 5, 4, 8, 11, 10, 9, 4))
face_vertex_sequences= ((1, 2, 8, 3, 5, 6, 3, 8), (2, 1, 7, 4, 5, 3, 6, 7, 1, 8, 2, 4, 7, 6, 5, 4))
gluing_pairs         = ((1, 1, 1, 2, 1), (2, 2, 2, 2, 8), (3, 1, 8, 2, 9), (4, 2, 11, 2, 16), (5, 1, 2, 2, 10), (6, 1, 4, 2, 5), (7, 1, 6, 2, 6), (8, 2, 3, 2, 12), (9, 2, 4, 2, 15), (10, 1, 5, 2, 14), (11, 2, 7, 2, 13), (12, 1, 3, 1, 7))

Topology 32
edges                = ((1, 1, 2), (2, 1, 7), (3, 1, 8), (4, 2, 4), (5, 2, 8), (6, 3, 5), (7, 3, 6), (8, 4, 7), (9, 5, 4), (10, 5, 6), (11, 7, 6), (12, 8, 3))
n_faces              = 2
face_boundaries      = (((1, 2, 1), (2, 8, 5), (8, 1, 3)), ((2, 1, 1), (1, 7, 2), (7, 4, 8), (4, 5, 9), (5, 3, 6), (3, 6, 7), (6, 7, 11), (7, 1, 2), (1, 8, 3), (8, 3, 12), (3, 5, 6), (5, 6, 10), (6, 3, 7), (3, 8, 12), (8, 2, 5), (2, 4, 4), (4, 7, 8), (7, 6, 11), (6, 5, 10), (5, 4, 9), (4, 2, 4)))
face_edge_sequences  = ((1, 5, 3), (1, 2, 8, 9, 6, 7, 11, 2, 3, 12, 6, 10, 7, 12, 5, 4, 8, 11, 10, 9, 4))
face_vertex_sequences= ((1, 2, 8), (2, 1, 7, 4, 5, 3, 6, 7, 1, 8, 3, 5, 6, 3, 8, 2, 4, 7, 6, 5, 4))
gluing_pairs         = ((1, 1, 1, 2, 1), (2, 2, 2, 2, 8), (3, 1, 3, 2, 9), (4, 2, 16, 2, 21), (5, 1, 2, 2, 15), (6, 2, 5, 2, 11), (7, 2, 6, 2, 13), (8, 2, 3, 2, 17), (9, 2, 4, 2, 20), (10, 2, 12, 2, 19), (11, 2, 7, 2, 18), (12, 2, 10, 2, 14))

Topology 33
edges                = ((1, 1, 2), (2, 1, 7), (3, 1, 8), (4, 2, 4), (5, 2, 8), (6, 3, 5), (7, 3, 6), (8, 4, 7), (9, 5, 4), (10, 5, 6), (11, 7, 6), (12, 8, 3))
n_faces              = 2
face_boundaries      = (((1, 2, 1), (2, 8, 5), (8, 3, 12), (3, 5, 6), (5, 4, 9), (4, 7, 8), (7, 1, 2), (1, 8, 3), (8, 2, 5), (2, 4, 4), (4, 5, 9), (5, 6, 10), (6, 7, 11), (7, 4, 8), (4, 2, 4), (2, 1, 1), (1, 7, 2), (7, 6, 11), (6, 3, 7), (3, 8, 12), (8, 1, 3)), ((5, 3, 6), (3, 6, 7), (6, 5, 10)))
face_edge_sequences  = ((1, 5, 12, 6, 9, 8, 2, 3, 5, 4, 9, 10, 11, 8, 4, 1, 2, 11, 7, 12, 3), (6, 7, 10))
face_vertex_sequences= ((1, 2, 8, 3, 5, 4, 7, 1, 8, 2, 4, 5, 6, 7, 4, 2, 1, 7, 6, 3, 8), (5, 3, 6))
gluing_pairs         = ((1, 1, 1, 1, 16), (2, 1, 7, 1, 17), (3, 1, 8, 1, 21), (4, 1, 10, 1, 15), (5, 1, 2, 1, 9), (6, 1, 4, 2, 1), (7, 1, 19, 2, 2), (8, 1, 6, 1, 14), (9, 1, 5, 1, 11), (10, 1, 12, 2, 3), (11, 1, 13, 1, 18), (12, 1, 3, 1, 20))

Topology 34
edges                = ((1, 1, 2), (2, 1, 7), (3, 1, 8), (4, 2, 4), (5, 2, 8), (6, 3, 5), (7, 3, 6), (8, 4, 7), (9, 5, 4), (10, 5, 6), (11, 7, 6), (12, 8, 3))
n_faces              = 2
face_boundaries      = (((1, 2, 1), (2, 8, 5), (8, 3, 12), (3, 5, 6), (5, 4, 9), (4, 7, 8), (7, 6, 11), (6, 5, 10), (5, 3, 6), (3, 6, 7), (6, 7, 11), (7, 1, 2), (1, 8, 3), (8, 2, 5), (2, 4, 4), (4, 5, 9), (5, 6, 10), (6, 3, 7), (3, 8, 12), (8, 1, 3)), ((2, 1, 1), (1, 7, 2), (7, 4, 8), (4, 2, 4)))
face_edge_sequences  = ((1, 5, 12, 6, 9, 8, 11, 10, 6, 7, 11, 2, 3, 5, 4, 9, 10, 7, 12, 3), (1, 2, 8, 4))
face_vertex_sequences= ((1, 2, 8, 3, 5, 4, 7, 6, 5, 3, 6, 7, 1, 8, 2, 4, 5, 6, 3, 8), (2, 1, 7, 4))
gluing_pairs         = ((1, 1, 1, 2, 1), (2, 1, 12, 2, 2), (3, 1, 13, 1, 20), (4, 1, 15, 2, 4), (5, 1, 2, 1, 14), (6, 1, 4, 1, 9), (7, 1, 10, 1, 18), (8, 1, 6, 2, 3), (9, 1, 5, 1, 16), (10, 1, 8, 1, 17), (11, 1, 7, 1, 11), (12, 1, 3, 1, 19))

Topology 35
edges                = ((1, 1, 2), (2, 1, 7), (3, 1, 8), (4, 2, 4), (5, 2, 8), (6, 3, 5), (7, 3, 6), (8, 4, 7), (9, 5, 4), (10, 5, 6), (11, 7, 6), (12, 8, 3))
n_faces              = 2
face_boundaries      = (((1, 2, 1), (2, 8, 5), (8, 3, 12), (3, 5, 6), (5, 4, 9), (4, 7, 8), (7, 1, 2), (1, 8, 3), (8, 2, 5), (2, 4, 4), (4, 5, 9), (5, 6, 10), (6, 3, 7), (3, 8, 12), (8, 1, 3)), ((2, 1, 1), (1, 7, 2), (7, 6, 11), (6, 5, 10), (5, 3, 6), (3, 6, 7), (6, 7, 11), (7, 4, 8), (4, 2, 4)))
face_edge_sequences  = ((1, 5, 12, 6, 9, 8, 2, 3, 5, 4, 9, 10, 7, 12, 3), (1, 2, 11, 10, 6, 7, 11, 8, 4))
face_vertex_sequences= ((1, 2, 8, 3, 5, 4, 7, 1, 8, 2, 4, 5, 6, 3, 8), (2, 1, 7, 6, 5, 3, 6, 7, 4))
gluing_pairs         = ((1, 1, 1, 2, 1), (2, 1, 7, 2, 2), (3, 1, 8, 1, 15), (4, 1, 10, 2, 9), (5, 1, 2, 1, 9), (6, 1, 4, 2, 5), (7, 1, 13, 2, 6), (8, 1, 6, 2, 8), (9, 1, 5, 1, 11), (10, 1, 12, 2, 4), (11, 2, 3, 2, 7), (12, 1, 3, 1, 14))

Topology 36
edges                = ((1, 1, 2), (2, 1, 7), (3, 1, 8), (4, 2, 4), (5, 2, 8), (6, 3, 5), (7, 3, 6), (8, 4, 7), (9, 5, 4), (10, 5, 6), (11, 7, 6), (12, 8, 3))
n_faces              = 2
face_boundaries      = (((1, 2, 1), (2, 8, 5), (8, 1, 3)), ((2, 1, 1), (1, 7, 2), (7, 6, 11), (6, 5, 10), (5, 4, 9), (4, 7, 8), (7, 1, 2), (1, 8, 3), (8, 3, 12), (3, 5, 6), (5, 6, 10), (6, 3, 7), (3, 8, 12), (8, 2, 5), (2, 4, 4), (4, 5, 9), (5, 3, 6), (3, 6, 7), (6, 7, 11), (7, 4, 8), (4, 2, 4)))
face_edge_sequences  = ((1, 5, 3), (1, 2, 11, 10, 9, 8, 2, 3, 12, 6, 10, 7, 12, 5, 4, 9, 6, 7, 11, 8, 4))
face_vertex_sequences= ((1, 2, 8), (2, 1, 7, 6, 5, 4, 7, 1, 8, 3, 5, 6, 3, 8, 2, 4, 5, 3, 6, 7, 4))
gluing_pairs         = ((1, 1, 1, 2, 1), (2, 2, 2, 2, 7), (3, 1, 3, 2, 8), (4, 2, 15, 2, 21), (5, 1, 2, 2, 14), (6, 2, 10, 2, 17), (7, 2, 12, 2, 18), (8, 2, 6, 2, 20), (9, 2, 5, 2, 16), (10, 2, 4, 2, 11), (11, 2, 3, 2, 19), (12, 2, 9, 2, 13))

Topology 37
edges                = ((1, 1, 2), (2, 1, 7), (3, 1, 8), (4, 2, 4), (5, 2, 8), (6, 3, 5), (7, 3, 6), (8, 4, 7), (9, 5, 4), (10, 5, 6), (11, 7, 6), (12, 8, 3))
n_faces              = 2
face_boundaries      = (((1, 2, 1), (2, 8, 5), (8, 3, 12), (3, 6, 7), (6, 5, 10), (5, 3, 6), (3, 8, 12), (8, 1, 3)), ((2, 1, 1), (1, 7, 2), (7, 4, 8), (4, 5, 9), (5, 6, 10), (6, 7, 11), (7, 1, 2), (1, 8, 3), (8, 2, 5), (2, 4, 4), (4, 7, 8), (7, 6, 11), (6, 3, 7), (3, 5, 6), (5, 4, 9), (4, 2, 4)))
face_edge_sequences  = ((1, 5, 12, 7, 10, 6, 12, 3), (1, 2, 8, 9, 10, 11, 2, 3, 5, 4, 8, 11, 7, 6, 9, 4))
face_vertex_sequences= ((1, 2, 8, 3, 6, 5, 3, 8), (2, 1, 7, 4, 5, 6, 7, 1, 8, 2, 4, 7, 6, 3, 5, 4))
gluing_pairs         = ((1, 1, 1, 2, 1), (2, 2, 2, 2, 7), (3, 1, 8, 2, 8), (4, 2, 10, 2, 16), (5, 1, 2, 2, 9), (6, 1, 6, 2, 14), (7, 1, 4, 2, 13), (8, 2, 3, 2, 11), (9, 2, 4, 2, 15), (10, 1, 5, 2, 5), (11, 2, 6, 2, 12), (12, 1, 3, 1, 7))

Topology 38
edges                = ((1, 1, 2), (2, 1, 7), (3, 1, 8), (4, 2, 4), (5, 2, 8), (6, 3, 5), (7, 3, 6), (8, 4, 7), (9, 5, 4), (10, 5, 6), (11, 7, 6), (12, 8, 3))
n_faces              = 2
face_boundaries      = (((1, 2, 1), (2, 8, 5), (8, 3, 12), (3, 6, 7), (6, 7, 11), (7, 1, 2), (1, 8, 3), (8, 2, 5), (2, 4, 4), (4, 7, 8), (7, 6, 11), (6, 5, 10), (5, 3, 6), (3, 8, 12), (8, 1, 3)), ((2, 1, 1), (1, 7, 2), (7, 4, 8), (4, 5, 9), (5, 6, 10), (6, 3, 7), (3, 5, 6), (5, 4, 9), (4, 2, 4)))
face_edge_sequences  = ((1, 5, 12, 7, 11, 2, 3, 5, 4, 8, 11, 10, 6, 12, 3), (1, 2, 8, 9, 10, 7, 6, 9, 4))
face_vertex_sequences= ((1, 2, 8, 3, 6, 7, 1, 8, 2, 4, 7, 6, 5, 3, 8), (2, 1, 7, 4, 5, 6, 3, 5, 4))
gluing_pairs         = ((1, 1, 1, 2, 1), (2, 1, 6, 2, 2), (3, 1, 7, 1, 15), (4, 1, 9, 2, 9), (5, 1, 2, 1, 8), (6, 1, 13, 2, 7), (7, 1, 4, 2, 6), (8, 1, 10, 2, 3), (9, 2, 4, 2, 8), (10, 1, 12, 2, 5), (11, 1, 5, 1, 11), (12, 1, 3, 1, 14))

Topology 39
edges                = ((1, 1, 2), (2, 1, 7), (3, 1, 8), (4, 2, 4), (5, 2, 8), (6, 3, 5), (7, 3, 6), (8, 4, 7), (9, 5, 4), (10, 5, 6), (11, 7, 6), (12, 8, 3))
n_faces              = 2
face_boundaries      = (((1, 2, 1), (2, 8, 5), (8, 3, 12), (3, 6, 7), (6, 7, 11), (7, 4, 8), (4, 5, 9), (5, 6, 10), (6, 3, 7), (3, 5, 6), (5, 4, 9), (4, 2, 4), (2, 1, 1), (1, 7, 2), (7, 6, 11), (6, 5, 10), (5, 3, 6), (3, 8, 12), (8, 1, 3)), ((7, 1, 2), (1, 8, 3), (8, 2, 5), (2, 4, 4), (4, 7, 8)))
face_edge_sequences  = ((1, 5, 12, 7, 11, 8, 9, 10, 7, 6, 9, 4, 1, 2, 11, 10, 6, 12, 3), (2, 3, 5, 4, 8))
face_vertex_sequences= ((1, 2, 8, 3, 6, 7, 4, 5, 6, 3, 5, 4, 2, 1, 7, 6, 5, 3, 8), (7, 1, 8, 2, 4))
gluing_pairs         = ((1, 1, 1, 1, 13), (2, 1, 14, 2, 1), (3, 1, 19, 2, 2), (4, 1, 12, 2, 4), (5, 1, 2, 2, 3), (6, 1, 10, 1, 17), (7, 1, 4, 1, 9), (8, 1, 6, 2, 5), (9, 1, 7, 1, 11), (10, 1, 8, 1, 16), (11, 1, 5, 1, 15), (12, 1, 3, 1, 18))

Topology 40
edges                = ((1, 1, 2), (2, 1, 7), (3, 1, 8), (4, 2, 4), (5, 2, 8), (6, 3, 5), (7, 3, 6), (8, 4, 7), (9, 5, 4), (10, 5, 6), (11, 7, 6), (12, 8, 3))
n_faces              = 2
face_boundaries      = (((1, 2, 1), (2, 8, 5), (8, 1, 3)), ((2, 1, 1), (1, 7, 2), (7, 6, 11), (6, 5, 10), (5, 3, 6), (3, 8, 12), (8, 2, 5), (2, 4, 4), (4, 7, 8), (7, 1, 2), (1, 8, 3), (8, 3, 12), (3, 6, 7), (6, 7, 11), (7, 4, 8), (4, 5, 9), (5, 6, 10), (6, 3, 7), (3, 5, 6), (5, 4, 9), (4, 2, 4)))
face_edge_sequences  = ((1, 5, 3), (1, 2, 11, 10, 6, 12, 5, 4, 8, 2, 3, 12, 7, 11, 8, 9, 10, 7, 6, 9, 4))
face_vertex_sequences= ((1, 2, 8), (2, 1, 7, 6, 5, 3, 8, 2, 4, 7, 1, 8, 3, 6, 7, 4, 5, 6, 3, 5, 4))
gluing_pairs         = ((1, 1, 1, 2, 1), (2, 2, 2, 2, 10), (3, 1, 3, 2, 11), (4, 2, 8, 2, 21), (5, 1, 2, 2, 7), (6, 2, 5, 2, 19), (7, 2, 13, 2, 18), (8, 2, 9, 2, 15), (9, 2, 16, 2, 20), (10, 2, 4, 2, 17), (11, 2, 3, 2, 14), (12, 2, 6, 2, 12))

Topology 41
edges                = ((1, 1, 2), (2, 1, 7), (3, 1, 8), (4, 2, 4), (5, 2, 8), (6, 3, 5), (7, 3, 6), (8, 4, 7), (9, 5, 4), (10, 5, 6), (11, 7, 6), (12, 8, 3))
n_faces              = 2
face_boundaries      = (((1, 2, 1), (2, 8, 5), (8, 3, 12), (3, 6, 7), (6, 7, 11), (7, 1, 2), (1, 8, 3), (8, 2, 5), (2, 4, 4), (4, 5, 9), (5, 6, 10), (6, 3, 7), (3, 5, 6), (5, 4, 9), (4, 7, 8), (7, 6, 11), (6, 5, 10), (5, 3, 6), (3, 8, 12), (8, 1, 3)), ((2, 1, 1), (1, 7, 2), (7, 4, 8), (4, 2, 4)))
face_edge_sequences  = ((1, 5, 12, 7, 11, 2, 3, 5, 4, 9, 10, 7, 6, 9, 8, 11, 10, 6, 12, 3), (1, 2, 8, 4))
face_vertex_sequences= ((1, 2, 8, 3, 6, 7, 1, 8, 2, 4, 5, 6, 3, 5, 4, 7, 6, 5, 3, 8), (2, 1, 7, 4))
gluing_pairs         = ((1, 1, 1, 2, 1), (2, 1, 6, 2, 2), (3, 1, 7, 1, 20), (4, 1, 9, 2, 4), (5, 1, 2, 1, 8), (6, 1, 13, 1, 18), (7, 1, 4, 1, 12), (8, 1, 15, 2, 3), (9, 1, 10, 1, 14), (10, 1, 11, 1, 17), (11, 1, 5, 1, 16), (12, 1, 3, 1, 19))

Topology 42
edges                = ((1, 1, 2), (2, 1, 7), (3, 1, 8), (4, 2, 4), (5, 2, 8), (6, 3, 5), (7, 3, 6), (8, 4, 7), (9, 5, 4), (10, 5, 6), (11, 7, 6), (12, 8, 3))
n_faces              = 2
face_boundaries      = (((1, 2, 1), (2, 8, 5), (8, 3, 12), (3, 6, 7), (6, 7, 11), (7, 4, 8), (4, 2, 4), (2, 1, 1), (1, 7, 2), (7, 6, 11), (6, 5, 10), (5, 3, 6), (3, 8, 12), (8, 1, 3)), ((7, 1, 2), (1, 8, 3), (8, 2, 5), (2, 4, 4), (4, 5, 9), (5, 6, 10), (6, 3, 7), (3, 5, 6), (5, 4, 9), (4, 7, 8)))
face_edge_sequences  = ((1, 5, 12, 7, 11, 8, 4, 1, 2, 11, 10, 6, 12, 3), (2, 3, 5, 4, 9, 10, 7, 6, 9, 8))
face_vertex_sequences= ((1, 2, 8, 3, 6, 7, 4, 2, 1, 7, 6, 5, 3, 8), (7, 1, 8, 2, 4, 5, 6, 3, 5, 4))
gluing_pairs         = ((1, 1, 1, 1, 8), (2, 1, 9, 2, 1), (3, 1, 14, 2, 2), (4, 1, 7, 2, 4), (5, 1, 2, 2, 3), (6, 1, 12, 2, 8), (7, 1, 4, 2, 7), (8, 1, 6, 2, 10), (9, 2, 5, 2, 9), (10, 1, 11, 2, 6), (11, 1, 5, 1, 10), (12, 1, 3, 1, 13))

Topology 43
edges                = ((1, 1, 2), (2, 1, 7), (3, 1, 8), (4, 2, 4), (5, 2, 8), (6, 3, 5), (7, 3, 6), (8, 4, 7), (9, 5, 4), (10, 5, 6), (11, 7, 6), (12, 8, 3))
n_faces              = 2
face_boundaries      = (((1, 2, 1), (2, 8, 5), (8, 1, 3)), ((2, 1, 1), (1, 7, 2), (7, 6, 11), (6, 5, 10), (5, 3, 6), (3, 8, 12), (8, 2, 5), (2, 4, 4), (4, 5, 9), (5, 6, 10), (6, 3, 7), (3, 5, 6), (5, 4, 9), (4, 7, 8), (7, 1, 2), (1, 8, 3), (8, 3, 12), (3, 6, 7), (6, 7, 11), (7, 4, 8), (4, 2, 4)))
face_edge_sequences  = ((1, 5, 3), (1, 2, 11, 10, 6, 12, 5, 4, 9, 10, 7, 6, 9, 8, 2, 3, 12, 7, 11, 8, 4))
face_vertex_sequences= ((1, 2, 8), (2, 1, 7, 6, 5, 3, 8, 2, 4, 5, 6, 3, 5, 4, 7, 1, 8, 3, 6, 7, 4))
gluing_pairs         = ((1, 1, 1, 2, 1), (2, 2, 2, 2, 15), (3, 1, 3, 2, 16), (4, 2, 8, 2, 21), (5, 1, 2, 2, 7), (6, 2, 5, 2, 12), (7, 2, 11, 2, 18), (8, 2, 14, 2, 20), (9, 2, 9, 2, 13), (10, 2, 4, 2, 10), (11, 2, 3, 2, 19), (12, 2, 6, 2, 17))

Topology 44
edges                = ((1, 1, 2), (2, 1, 7), (3, 1, 8), (4, 2, 4), (5, 2, 8), (6, 3, 5), (7, 3, 6), (8, 4, 7), (9, 5, 4), (10, 5, 6), (11, 7, 6), (12, 8, 3))
n_faces              = 2
face_boundaries      = (((1, 2, 1), (2, 8, 5), (8, 3, 12), (3, 5, 6), (5, 4, 9), (4, 2, 4), (2, 1, 1), (1, 8, 3), (8, 2, 5), (2, 4, 4), (4, 7, 8), (7, 6, 11), (6, 5, 10), (5, 3, 6), (3, 6, 7), (6, 7, 11), (7, 1, 2)), ((1, 7, 2), (7, 4, 8), (4, 5, 9), (5, 6, 10), (6, 3, 7), (3, 8, 12), (8, 1, 3)))
face_edge_sequences  = ((1, 5, 12, 6, 9, 4, 1, 3, 5, 4, 8, 11, 10, 6, 7, 11, 2), (2, 8, 9, 10, 7, 12, 3))
face_vertex_sequences= ((1, 2, 8, 3, 5, 4, 2, 1, 8, 2, 4, 7, 6, 5, 3, 6, 7), (1, 7, 4, 5, 6, 3, 8))
gluing_pairs         = ((1, 1, 1, 1, 7), (2, 1, 17, 2, 1), (3, 1, 8, 2, 7), (4, 1, 6, 1, 10), (5, 1, 2, 1, 9), (6, 1, 4, 1, 14), (7, 1, 15, 2, 5), (8, 1, 11, 2, 2), (9, 1, 5, 2, 3), (10, 1, 13, 2, 4), (11, 1, 12, 1, 16), (12, 1, 3, 2, 6))

Topology 45
edges                = ((1, 1, 2), (2, 1, 7), (3, 1, 8), (4, 2, 4), (5, 2, 8), (6, 3, 5), (7, 3, 6), (8, 4, 7), (9, 5, 4), (10, 5, 6), (11, 7, 6), (12, 8, 3))
n_faces              = 2
face_boundaries      = (((1, 2, 1), (2, 8, 5), (8, 1, 3), (1, 7, 2), (7, 4, 8), (4, 5, 9), (5, 6, 10), (6, 3, 7), (3, 8, 12), (8, 2, 5), (2, 4, 4), (4, 7, 8), (7, 6, 11), (6, 5, 10), (5, 3, 6), (3, 6, 7), (6, 7, 11), (7, 1, 2)), ((2, 1, 1), (1, 8, 3), (8, 3, 12), (3, 5, 6), (5, 4, 9), (4, 2, 4)))
face_edge_sequences  = ((1, 5, 3, 2, 8, 9, 10, 7, 12, 5, 4, 8, 11, 10, 6, 7, 11, 2), (1, 3, 12, 6, 9, 4))
face_vertex_sequences= ((1, 2, 8, 1, 7, 4, 5, 6, 3, 8, 2, 4, 7, 6, 5, 3, 6, 7), (2, 1, 8, 3, 5, 4))
gluing_pairs         = ((1, 1, 1, 2, 1), (2, 1, 4, 1, 18), (3, 1, 3, 2, 2), (4, 1, 11, 2, 6), (5, 1, 2, 1, 10), (6, 1, 15, 2, 4), (7, 1, 8, 1, 16), (8, 1, 5, 1, 12), (9, 1, 6, 2, 5), (10, 1, 7, 1, 14), (11, 1, 13, 1, 17), (12, 1, 9, 2, 3))

Topology 46
edges                = ((1, 1, 2), (2, 1, 7), (3, 1, 8), (4, 2, 4), (5, 2, 8), (6, 3, 5), (7, 3, 6), (8, 4, 7), (9, 5, 4), (10, 5, 6), (11, 7, 6), (12, 8, 3))
n_faces              = 2
face_boundaries      = (((1, 2, 1), (2, 8, 5), (8, 3, 12), (3, 5, 6), (5, 4, 9), (4, 2, 4), (2, 1, 1), (1, 8, 3), (8, 2, 5), (2, 4, 4), (4, 7, 8), (7, 1, 2)), ((1, 7, 2), (7, 6, 11), (6, 5, 10), (5, 3, 6), (3, 6, 7), (6, 7, 11), (7, 4, 8), (4, 5, 9), (5, 6, 10), (6, 3, 7), (3, 8, 12), (8, 1, 3)))
face_edge_sequences  = ((1, 5, 12, 6, 9, 4, 1, 3, 5, 4, 8, 2), (2, 11, 10, 6, 7, 11, 8, 9, 10, 7, 12, 3))
face_vertex_sequences= ((1, 2, 8, 3, 5, 4, 2, 1, 8, 2, 4, 7), (1, 7, 6, 5, 3, 6, 7, 4, 5, 6, 3, 8))
gluing_pairs         = ((1, 1, 1, 1, 7), (2, 1, 12, 2, 1), (3, 1, 8, 2, 12), (4, 1, 6, 1, 10), (5, 1, 2, 1, 9), (6, 1, 4, 2, 4), (7, 2, 5, 2, 10), (8, 1, 11, 2, 7), (9, 1, 5, 2, 8), (10, 2, 3, 2, 9), (11, 2, 2, 2, 6), (12, 1, 3, 2, 11))

Topology 47
edges                = ((1, 1, 2), (2, 1, 7), (3, 1, 8), (4, 2, 4), (5, 2, 8), (6, 3, 5), (7, 3, 6), (8, 4, 7), (9, 5, 4), (10, 5, 6), (11, 7, 6), (12, 8, 3))
n_faces              = 2
face_boundaries      = (((1, 2, 1), (2, 8, 5), (8, 1, 3), (1, 7, 2), (7, 6, 11), (6, 5, 10), (5, 3, 6), (3, 6, 7), (6, 7, 11), (7, 4, 8), (4, 5, 9), (5, 6, 10), (6, 3, 7), (3, 8, 12), (8, 2, 5), (2, 4, 4), (4, 7, 8), (7, 1, 2)), ((2, 1, 1), (1, 8, 3), (8, 3, 12), (3, 5, 6), (5, 4, 9), (4, 2, 4)))
face_edge_sequences  = ((1, 5, 3, 2, 11, 10, 6, 7, 11, 8, 9, 10, 7, 12, 5, 4, 8, 2), (1, 3, 12, 6, 9, 4))
face_vertex_sequences= ((1, 2, 8, 1, 7, 6, 5, 3, 6, 7, 4, 5, 6, 3, 8, 2, 4, 7), (2, 1, 8, 3, 5, 4))
gluing_pairs         = ((1, 1, 1, 2, 1), (2, 1, 4, 1, 18), (3, 1, 3, 2, 2), (4, 1, 16, 2, 6), (5, 1, 2, 1, 15), (6, 1, 7, 2, 4), (7, 1, 8, 1, 13), (8, 1, 10, 1, 17), (9, 1, 11, 2, 5), (10, 1, 6, 1, 12), (11, 1, 5, 1, 9), (12, 1, 14, 2, 3))

Topology 48
edges                = ((1, 1, 2), (2, 1, 7), (3, 1, 8), (4, 2, 4), (5, 2, 8), (6, 3, 5), (7, 3, 6), (8, 4, 7), (9, 5, 4), (10, 5, 6), (11, 7, 6), (12, 8, 3))
n_faces              = 2
face_boundaries      = (((1, 2, 1), (2, 8, 5), (8, 3, 12), (3, 5, 6), (5, 4, 9), (4, 7, 8), (7, 6, 11), (6, 5, 10), (5, 3, 6), (3, 6, 7), (6, 7, 11), (7, 1, 2)), ((2, 1, 1), (1, 8, 3), (8, 2, 5), (2, 4, 4), (4, 5, 9), (5, 6, 10), (6, 3, 7), (3, 8, 12), (8, 1, 3), (1, 7, 2), (7, 4, 8), (4, 2, 4)))
face_edge_sequences  = ((1, 5, 12, 6, 9, 8, 11, 10, 6, 7, 11, 2), (1, 3, 5, 4, 9, 10, 7, 12, 3, 2, 8, 4))
face_vertex_sequences= ((1, 2, 8, 3, 5, 4, 7, 6, 5, 3, 6, 7), (2, 1, 8, 2, 4, 5, 6, 3, 8, 1, 7, 4))
gluing_pairs         = ((1, 1, 1, 2, 1), (2, 1, 12, 2, 10), (3, 2, 2, 2, 9), (4, 2, 4, 2, 12), (5, 1, 2, 2, 3), (6, 1, 4, 1, 9), (7, 1, 10, 2, 7), (8, 1, 6, 2, 11), (9, 1, 5, 2, 5), (10, 1, 8, 2, 6), (11, 1, 7, 1, 11), (12, 1, 3, 2, 8))
