# Stored genus-2 ribbon graph data
# How to read this file:
# - Topology N matches the numbering used by get_stored_genus2_graph(N) in compact_partition.py.
# - Each topology here is a one-face ribbon graph.
# - edges = ((edge_label, vertex_a, vertex_b), ...).
# - boundary = ((from_vertex, to_vertex, edge_label), ...) listed counterclockwise
#   around the disc; the tuple position is the boundary segment number, starting at 1.
# - sewing_pairs = ((edge_label, seg1, seg2), ...) means boundary segments seg1 and
#   seg2 are glued with opposite orientation to form edge edge_label.
# - All labels are 1-based integers.
topology_count = 9

Topology 1
edges        = ((1, 1, 4), (2, 1, 5), (3, 1, 6), (4, 2, 4), (5, 2, 5), (6, 2, 6), (7, 3, 4), (8, 3, 5), (9, 3, 6))
boundary     = ((1, 4, 1), (4, 2, 4), (2, 5, 5), (5, 3, 8), (3, 6, 9), (6, 2, 6), (2, 4, 4), (4, 3, 7), (3, 5, 8), (5, 1, 2), (1, 6, 3), (6, 3, 9), (3, 4, 7), (4, 1, 1), (1, 5, 2), (5, 2, 5), (2, 6, 6), (6, 1, 3))
sewing_pairs = ((1, 1, 14), (2, 10, 15), (3, 11, 18), (4, 2, 7), (5, 3, 16), (6, 6, 17), (7, 8, 13), (8, 4, 9), (9, 5, 12))

Topology 2
edges        = ((1, 1, 2), (2, 2, 3), (3, 3, 1), (4, 4, 5), (5, 5, 6), (6, 6, 4), (7, 1, 4), (8, 2, 5), (9, 3, 6))
boundary     = ((1, 2, 1), (2, 3, 2), (3, 1, 3), (1, 4, 7), (4, 5, 4), (5, 6, 5), (6, 3, 9), (3, 2, 2), (2, 5, 8), (5, 4, 4), (4, 6, 6), (6, 5, 5), (5, 2, 8), (2, 1, 1), (1, 3, 3), (3, 6, 9), (6, 4, 6), (4, 1, 7))
sewing_pairs = ((1, 1, 14), (2, 2, 8), (3, 3, 15), (4, 5, 10), (5, 6, 12), (6, 11, 17), (7, 4, 18), (8, 9, 13), (9, 7, 16))

Topology 3
edges        = ((1, 1, 2), (2, 2, 3), (3, 3, 1), (4, 4, 5), (5, 5, 6), (6, 6, 4), (7, 1, 4), (8, 2, 5), (9, 3, 6))
boundary     = ((1, 2, 1), (2, 3, 2), (3, 1, 3), (1, 4, 7), (4, 5, 4), (5, 2, 8), (2, 1, 1), (1, 3, 3), (3, 6, 9), (6, 5, 5), (5, 4, 4), (4, 6, 6), (6, 3, 9), (3, 2, 2), (2, 5, 8), (5, 6, 5), (6, 4, 6), (4, 1, 7))
sewing_pairs = ((1, 1, 7), (2, 2, 14), (3, 3, 8), (4, 5, 11), (5, 10, 16), (6, 12, 17), (7, 4, 18), (8, 6, 15), (9, 9, 13))

Topology 4
edges        = ((1, 1, 2), (2, 2, 3), (3, 3, 1), (4, 4, 5), (5, 5, 6), (6, 6, 4), (7, 1, 4), (8, 2, 5), (9, 3, 6))
boundary     = ((1, 2, 1), (2, 3, 2), (3, 1, 3), (1, 4, 7), (4, 6, 6), (6, 5, 5), (5, 2, 8), (2, 1, 1), (1, 3, 3), (3, 6, 9), (6, 4, 6), (4, 5, 4), (5, 6, 5), (6, 3, 9), (3, 2, 2), (2, 5, 8), (5, 4, 4), (4, 1, 7))
sewing_pairs = ((1, 1, 8), (2, 2, 15), (3, 3, 9), (4, 12, 17), (5, 6, 13), (6, 5, 11), (7, 4, 18), (8, 7, 16), (9, 10, 14))

Topology 5
edges        = ((1, 1, 2), (2, 1, 2), (3, 1, 3), (4, 2, 3), (5, 3, 4), (6, 4, 5), (7, 4, 6), (8, 5, 6), (9, 5, 6))
boundary     = ((1, 2, 1), (2, 1, 2), (1, 3, 3), (3, 2, 4), (2, 1, 1), (1, 2, 2), (2, 3, 4), (3, 4, 5), (4, 5, 6), (5, 6, 8), (6, 5, 9), (5, 4, 6), (4, 6, 7), (6, 5, 8), (5, 6, 9), (6, 4, 7), (4, 3, 5), (3, 1, 3))
sewing_pairs = ((1, 1, 5), (2, 2, 6), (3, 3, 18), (4, 4, 7), (5, 8, 17), (6, 9, 12), (7, 13, 16), (8, 10, 14), (9, 11, 15))

Topology 6
edges        = ((1, 1, 2), (2, 1, 2), (3, 1, 3), (4, 2, 4), (5, 3, 4), (6, 3, 5), (7, 4, 6), (8, 5, 6), (9, 5, 6))
boundary     = ((1, 2, 1), (2, 1, 2), (1, 3, 3), (3, 4, 5), (4, 6, 7), (6, 5, 8), (5, 6, 9), (6, 4, 7), (4, 2, 4), (2, 1, 1), (1, 2, 2), (2, 4, 4), (4, 3, 5), (3, 5, 6), (5, 6, 8), (6, 5, 9), (5, 3, 6), (3, 1, 3))
sewing_pairs = ((1, 1, 10), (2, 2, 11), (3, 3, 18), (4, 9, 12), (5, 4, 13), (6, 14, 17), (7, 5, 8), (8, 6, 15), (9, 7, 16))

Topology 7
edges        = ((1, 1, 2), (2, 1, 2), (3, 1, 3), (4, 2, 4), (5, 3, 4), (6, 3, 5), (7, 4, 6), (8, 5, 6), (9, 5, 6))
boundary     = ((1, 2, 1), (2, 1, 2), (1, 3, 3), (3, 4, 5), (4, 2, 4), (2, 1, 1), (1, 2, 2), (2, 4, 4), (4, 6, 7), (6, 5, 8), (5, 6, 9), (6, 4, 7), (4, 3, 5), (3, 5, 6), (5, 6, 8), (6, 5, 9), (5, 3, 6), (3, 1, 3))
sewing_pairs = ((1, 1, 6), (2, 2, 7), (3, 3, 18), (4, 5, 8), (5, 4, 13), (6, 14, 17), (7, 9, 12), (8, 10, 15), (9, 11, 16))

Topology 8
edges        = ((1, 1, 2), (2, 1, 2), (3, 1, 3), (4, 2, 4), (5, 3, 5), (6, 3, 6), (7, 4, 5), (8, 4, 6), (9, 5, 6))
boundary     = ((1, 2, 1), (2, 1, 2), (1, 3, 3), (3, 5, 5), (5, 4, 7), (4, 6, 8), (6, 5, 9), (5, 3, 5), (3, 6, 6), (6, 4, 8), (4, 2, 4), (2, 1, 1), (1, 2, 2), (2, 4, 4), (4, 5, 7), (5, 6, 9), (6, 3, 6), (3, 1, 3))
sewing_pairs = ((1, 1, 12), (2, 2, 13), (3, 3, 18), (4, 11, 14), (5, 4, 8), (6, 9, 17), (7, 5, 15), (8, 6, 10), (9, 7, 16))

Topology 9
edges        = ((1, 1, 2), (2, 1, 2), (3, 1, 3), (4, 2, 4), (5, 3, 5), (6, 3, 6), (7, 4, 5), (8, 4, 6), (9, 5, 6))
boundary     = ((1, 2, 1), (2, 1, 2), (1, 3, 3), (3, 5, 5), (5, 4, 7), (4, 2, 4), (2, 1, 1), (1, 2, 2), (2, 4, 4), (4, 6, 8), (6, 5, 9), (5, 3, 5), (3, 6, 6), (6, 4, 8), (4, 5, 7), (5, 6, 9), (6, 3, 6), (3, 1, 3))
sewing_pairs = ((1, 1, 7), (2, 2, 8), (3, 3, 18), (4, 6, 9), (5, 4, 12), (6, 13, 17), (7, 5, 15), (8, 10, 14), (9, 11, 16))
